WRITE
hints = 1
Maintaining 16 concurrent writes of 4194304 bytes to objects of size 4194304 for up to 50 seconds or 0 objects
Object prefix: benchmark_data_tasds1_5225
  sec Cur ops   started  finished  avg MB/s  cur MB/s last lat(s)  avg lat(s)
    0       0         0         0         0         0           -           0
    1      16        38        22   87.9956        88    0.319841    0.581141
    2      16        68        52   103.991       120    0.342075    0.522696
    3      16        94        78    103.99       104    0.278451    0.515993
    4      16       119       103    102.99       100    0.153529     0.53631
    5      16       147       131    104.79       112    0.736947    0.571337
    6      16       175       159   105.986       112    0.431406    0.555091
    7      16       214       198   113.127       156    0.359815    0.546051
    8      16       244       228   113.985       120    0.850106    0.535936
    9      16       279       263   116.874       140    0.385581    0.528961
   10      16       312       296   118.385       132      0.1717    0.522048
   11      16       337       321   116.712       100    0.347468    0.526847
   12      16       368       352   117.318       124    0.772503    0.527139
   13      16       398       382   117.524       120    0.566321    0.527791
   14      16       428       412   117.699       120    0.709459    0.530178
   15      16       460       444   118.385       128    0.251002    0.530292
   16      16       491       475   118.735       124    0.288163    0.527581
   17      16       519       503   118.337       112    0.956438    0.527586
   18      16       546       530   117.762       108    0.475612    0.534283
   19      16       571       555   116.827       100    0.983515    0.535018
2018-06-24 12:25:15.996441 min lat: 0.141387 max lat: 2.65484 avg lat: 0.536043
  sec Cur ops   started  finished  avg MB/s  cur MB/s last lat(s)  avg lat(s)
   20      16       604       588   117.585       132    0.648663    0.536043
   21      16       634       618   117.699       120     1.23853    0.537223
   22      16       670       654   118.894       144    0.170937    0.533612
   23      16       697       681    118.42       108    0.562338    0.532806
   24      16       727       711   118.485       120    0.700993     0.53375
   25      16       761       745   119.185       136    0.314598    0.531342
   26      16       794       778   119.678       132    0.385604    0.530407
   27      16       827       811   120.133       132    0.489288    0.527638
   28      16       850       834   119.128        92    0.502595    0.528224
   29      16       885       869   119.848       140    0.184611    0.527597
   30      16       911       895   119.319       104     1.16509    0.530333
   31      16       940       924   119.212       116    0.956765    0.532029
   32      16       967       951   118.861       108    0.490099    0.532837
   33      16      1000       984   119.259       132    0.372288    0.533044
   34      16      1030      1014    119.28       120     1.26419    0.530371
   35      16      1061      1045   119.415       124    0.368385    0.530101
   36      16      1092      1076   119.542       124    0.862077    0.529609
   37      16      1131      1115   120.526       156    0.271923    0.527824
   38      16      1160      1144   120.407       116     0.58902    0.526962
   39      16      1196      1180   121.012       144     0.52149    0.525043
2018-06-24 12:25:35.998465 min lat: 0.121809 max lat: 2.65484 avg lat: 0.52468
  sec Cur ops   started  finished  avg MB/s  cur MB/s last lat(s)  avg lat(s)
   40      16      1224      1208   120.786       112     0.87288     0.52468
   41      16      1258      1242   121.157       136    0.796161    0.523913
   42      16      1287      1271   121.034       116    0.642572    0.525374
   43      16      1318      1302   121.102       124    0.447526    0.523819
   44      16      1352      1336   121.441       136     0.25869     0.52332
   45      16      1385      1369   121.675       132    0.457266    0.522704
   46      16      1415      1399   121.638       120    0.398209    0.523493
   47      16      1442      1426   121.348       108    0.321467    0.522821
   48      16      1477      1461   121.736       140    0.530402    0.521289
   49      16      1507      1491     121.7       120    0.287142    0.521189
   50      16      1540      1524   121.906       132    0.627379    0.521153
Total time run:         50.321275
Total writes made:      1541
Write size:             4194304
Object size:            4194304
Bandwidth (MB/sec):     122.493
Stddev Bandwidth:       15.0372
Max bandwidth (MB/sec): 156
Min bandwidth (MB/sec): 88
Average IOPS:           30
Stddev IOPS:            3
Max IOPS:               39
Min IOPS:               22
Average Latency(s):     0.522139
Stddev Latency(s):      0.269694
Max latency(s):         2.65484
Min latency(s):         0.121809
 
Seq READ
hints = 1
  sec Cur ops   started  finished  avg MB/s  cur MB/s last lat(s)  avg lat(s)
    0       0         0         0         0         0           -           0
    1      16        64        48   191.968       192   0.0278199    0.219252
    2      16       109        93   185.971       180    0.496622    0.288585
    3      16       148       132   175.976       156    0.177286    0.316661
    4      16       196       180   179.976       192    0.906003    0.327192
    5      16       242       226   180.777       184    0.761445    0.328185
    6      16       280       264   175.979       152    0.685041    0.344477
    7      16       317       301    171.98       148    0.676632    0.348885
    8      16       372       356   177.979       220   0.0369443    0.341764
    9      16       419       403   179.091       188    0.207861     0.34091
   10      16       469       453   181.179       200    0.960337    0.340563
   11      16       524       508   184.706       220   0.0286283    0.332668
   12      16       578       562   187.312       216    0.160852    0.331318
   13      16       626       610   187.671       192   0.0322335    0.330728
   14      16       666       650   185.694       160    0.123123    0.333353
   15      16       715       699    186.38       196    0.178977    0.332907
   16      16       757       741    185.23       168     1.27889    0.338141
   17      16       803       787   185.157       184   0.0466892    0.337164
   18      16       855       839   186.425       208    0.192807    0.331683
   19      16       894       878   184.822       156   0.0428448    0.340071
2018-06-24 12:26:07.061808 min lat: 0.0190665 max lat: 1.84246 avg lat: 0.338335
  sec Cur ops   started  finished  avg MB/s  cur MB/s last lat(s)  avg lat(s)
   20      15       944       929    185.78       204   0.0401825    0.338335
   21      16       992       976   185.884       188      0.5414    0.338748
   22      16      1031      1015   184.526       156    0.980742    0.339452
   23      16      1071      1055   183.459       160    0.163415    0.341072
   24      16      1122      1106   184.314       204   0.0347184    0.342399
   25      16      1167      1151   184.141       180    0.351602     0.34221
   26      16      1203      1187   182.596       144   0.0578318    0.345397
   27      16      1242      1226   181.611       156    0.488278    0.347024
   28      16      1291      1275   182.124       196    0.308156    0.346967
   29      16      1330      1314   181.222       156   0.0304998    0.347528
   30      16      1375      1359   181.181       180    0.170638    0.347689
   31      16      1410      1394   179.852       140     0.19671    0.349741
   32      16      1453      1437   179.606       172     1.54847     0.35025
   33      16      1489      1473   178.526       144     1.14872    0.352556
   34      16      1530      1514   178.099       164   0.0530097     0.35308
Total time run:       34.722722
Total reads made:     1541
Read size:            4194304
Object size:          4194304
Bandwidth (MB/sec):   177.521
Average IOPS:         44
Stddev IOPS:          5
Max IOPS:             55
Min IOPS:             35
Average Latency(s):   0.358454
Max latency(s):       1.84246
Min latency(s):       0.0190665
 
Rand READ
hints = 1
  sec Cur ops   started  finished  avg MB/s  cur MB/s last lat(s)  avg lat(s)
    0       0         0         0         0         0           -           0
    1      16        60        44   175.964       176    0.976981    0.232506
    2      16       104        88    175.97       176    0.212997    0.279977
    3      16       140       124   165.309       144    0.718921    0.321223
    4      16       184       168   167.977       176      0.2966    0.346173
    5      16       226       210   167.978       168  0.00229109    0.352858
    6      16       272       256   170.645       184     1.25528     0.34797
    7      16       312       296   169.123       160     1.13685    0.350874
    8      16       354       338   168.981       168   0.0382462    0.348825
    9      16       399       383   170.203       180    0.306803    0.350011
   10      16       442       426   170.381       172   0.0450537     0.35594
   11      16       483       467     169.8       164    0.170609    0.355688
   12      16       523       507   168.982       160  0.00216536    0.358462
   13      16       562       546   167.982       156    0.491822     0.36373
   14      16       605       589   168.268       172    0.468189    0.365869
   15      16       646       630   167.983       164   0.0307591    0.368841
   16      16       693       677   169.233       188   0.0331614    0.364027
   17      16       741       725   170.571       192    0.213158    0.362886
   18      16       775       759    168.65       136   0.0378919    0.366938
   19      16       820       804   169.246       180  0.00390157    0.366214
2018-06-24 12:26:42.124316 min lat: 0.00212151 max lat: 1.97479 avg lat: 0.369498
  sec Cur ops   started  finished  avg MB/s  cur MB/s last lat(s)  avg lat(s)
   20      16       861       845   168.983       164  0.00250694    0.369498
   21      16       902       886   168.744       164    0.108921    0.366108
   22      16       960       944   171.618       232   0.0726885    0.359493
   23      16      1002       986    171.46       168     1.38783    0.365286
   24      16      1039      1023   170.482       148  0.00269697     0.36667
   25      16      1078      1062   169.902       156     1.24451    0.368299
   26      16      1115      1099   169.059       148    0.234642    0.368108
   27      16      1158      1142   169.168       172    0.636322    0.369144
   28      16      1205      1189   169.839       188  0.00356918    0.371911
   29      16      1248      1232   169.913       172    0.652968    0.371382
   30      16      1293      1277   170.249       180    0.664704    0.370825
   31      16      1339      1323   170.692       184    0.036985    0.368615
   32      16      1402      1386   173.232       252    0.030266    0.363379
   33      16      1444      1428   173.073       168  0.00267231    0.365506
   34      16      1489      1473   173.276       180  0.00225582    0.364676
   35      16      1538      1522   173.925       196    0.746732    0.364266
   36      16      1570      1554   172.649       128    0.391246    0.364866
   37      15      1617      1602   173.171       192   0.0352594    0.365859
   38      16      1662      1646   173.245       176  0.00326804    0.365366
   39      16      1707      1691   173.418       180    0.945608    0.365513
2018-06-24 12:27:02.126339 min lat: 0.00212151 max lat: 2.13824 avg lat: 0.36353
  sec Cur ops   started  finished  avg MB/s  cur MB/s last lat(s)  avg lat(s)
   40      16      1759      1743   174.282       208    0.877941     0.36353
   41      16      1799      1783   173.933       160  0.00230006    0.363899
   42      16      1843      1827   173.982       176    0.144686    0.362741
   43      16      1877      1861   173.099       136   0.0345777     0.36422
   44      16      1924      1908   173.437       188    0.260134    0.363751
   45      16      1965      1949   173.227       164     1.36034    0.364374
   46      16      2007      1991   173.113       168     1.45133    0.364378
   47      16      2045      2029   172.663       152     1.98138    0.365153
   48      16      2104      2088   173.982       236  0.00243294    0.364714
   49      16      2145      2129   173.778       164  0.00268893    0.364949
   50      16      2187      2171   173.662       168  0.00289692    0.365381
Total time run:       50.485415
Total reads made:     2188
Read size:            4194304
Object size:          4194304
Bandwidth (MB/sec):   173.357
Average IOPS:         43
Stddev IOPS:          5
Max IOPS:             63
Min IOPS:             32
Average Latency(s):   0.367688
Max latency(s):       2.13824
Min latency(s):       0.00212151
