WRITE
hints = 1
Maintaining 16 concurrent writes of 4194304 bytes to objects of size 4194304 for up to 50 seconds or 0 objects
Object prefix: benchmark_data_tasds1_5294
  sec Cur ops   started  finished  avg MB/s  cur MB/s last lat(s)  avg lat(s)
    0       0         0         0         0         0           -           0
    1      16        41        25    99.995       100    0.533019    0.495353
    2      16        72        56    111.99       124    0.711294    0.500301
    3      16        98        82   109.323       104    0.380003    0.530559
    4      16       134       118   117.989       144    0.548327    0.513683
    5      16       168       152   121.588       136    0.439369    0.507187
    6      16       189       173   115.322        84    0.733203    0.512946
    7      16       222       206   117.703       132    0.385233    0.524188
    8      16       253       237   118.488       124    0.302604    0.523103
    9      16       287       271   120.433       136    0.408045    0.514276
   10      16       319       303   121.188       128    0.588817    0.507147
   11      16       359       343   124.715       160    0.203966     0.50578
   12      16       386       370   123.321       108     0.41948    0.504636
   13      16       424       408   125.526       152    0.266064    0.498477
   14      16       455       439   125.416       124    0.260106    0.499567
   15      16       487       471   125.588       128    0.426857     0.50009
   16      16       514       498   124.488       108    0.521506    0.502847
   17      16       554       538   126.576       160     0.38237    0.499783
   18      16       587       571   126.877       132    0.534619      0.4969
   19      16       615       599   126.093       112    0.951569    0.499142
2018-06-24 12:27:33.886432 min lat: 0.132261 max lat: 1.33298 avg lat: 0.497298
  sec Cur ops   started  finished  avg MB/s  cur MB/s last lat(s)  avg lat(s)
   20      16       650       634   126.788       140    0.132261    0.497298
   21      16       679       663   126.273       116    0.527668    0.499603
   22      16       711       695   126.351       128    0.630537    0.499886
   23      16       749       733   127.465       152    0.461573    0.497018
   24      16       780       764    127.32       124    0.612084    0.496922
   25      16       810       794   127.027       120    0.344707    0.495645
   26      16       839       823   126.603       116    0.444233    0.500856
   27      16       871       855   126.654       128    0.514696    0.500614
   28      16       904       888   126.844       132    0.420749    0.500271
   29      16       935       919   126.745       124     0.58086    0.500048
   30      16       967       951   126.787       128     0.66127    0.499984
   31      16       996       980   126.438       116    0.505602    0.499831
   32      16      1026      1010   126.237       120    0.685068    0.501822
   33      16      1058      1042    126.29       128    0.317657    0.501054
   34      16      1093      1077   126.693       140    0.364737    0.500025
   35      16      1118      1102    125.93       100    0.882289    0.502135
   36      16      1147      1131   125.654       116    0.787445    0.505279
   37      16      1179      1163   125.717       128    0.472791    0.505644
   38      16      1210      1194   125.671       124    0.470105    0.505433
   39      16      1242      1226    125.73       128    0.202063    0.505416
2018-06-24 12:27:53.888680 min lat: 0.129152 max lat: 1.49227 avg lat: 0.504373
  sec Cur ops   started  finished  avg MB/s  cur MB/s last lat(s)  avg lat(s)
   40      16      1277      1261   126.087       140    0.260764    0.504373
   41      16      1308      1292   126.036       124    0.824371    0.504357
   42      16      1338      1322   125.892       120    0.410787     0.50355
   43      16      1369      1353   125.847       124    0.543435    0.504126
   44      16      1405      1389   126.259       144    0.365914    0.503386
   45      16      1438      1422   126.387       132    0.347917    0.502409
   46      16      1473      1457   126.682       140    0.740753    0.503101
   47      16      1501      1485    126.37       112    0.366517    0.503639
   48      16      1529      1513    126.07       112    0.399274    0.502811
   49      16      1562      1546   126.191       132    0.322003    0.504884
   50      16      1585      1569   125.507        92    0.311078    0.505882
Total time run:         50.343627
Total writes made:      1586
Write size:             4194304
Object size:            4194304
Bandwidth (MB/sec):     126.014
Stddev Bandwidth:       15.6678
Max bandwidth (MB/sec): 160
Min bandwidth (MB/sec): 84
Average IOPS:           31
Stddev IOPS:            3
Max IOPS:               40
Min IOPS:               21
Average Latency(s):     0.507685
Stddev Latency(s):      0.213114
Max latency(s):         1.49227
Min latency(s):         0.129152
 
Seq READ
hints = 1
  sec Cur ops   started  finished  avg MB/s  cur MB/s last lat(s)  avg lat(s)
    0       0         0         0         0         0           -           0
    1      16        62        46   183.966       184     0.45038    0.242163
    2      16       115        99    197.97       212    0.376829    0.270399
    3      16       161       145   193.305       184     1.33157    0.286513
    4      16       216       200   199.973       220    0.204199    0.284146
    5      16       261       245   195.975       180   0.0325316    0.291858
    6      16       302       286   190.643       164    0.423557     0.30123
    7      16       352       336   191.977       200   0.0207046    0.311647
    8      16       396       380   189.978       176   0.0323882    0.314653
    9      15       435       420   186.635       160    0.701193    0.325921
   10      16       484       468   187.169       192    0.054377    0.327004
   11      16       527       511   185.789       172   0.0465111    0.329089
   12      16       571       555   184.972       176    0.265725    0.329766
   13      16       618       602   185.203       188   0.0334623     0.33391
   14      16       655       639   182.545       148   0.0365507     0.33923
   15      16       704       688   183.441       196       1.486    0.338074
   16      16       748       732   182.975       176    0.225705    0.339899
   17      15       792       777   182.789       180    0.224841    0.342833
   18      16       838       822   182.633       180   0.0348739    0.343239
   19      16       883       867   182.493       180    0.151874    0.341209
2018-06-24 12:28:24.954090 min lat: 0.0192976 max lat: 1.85709 avg lat: 0.344272
  sec Cur ops   started  finished  avg MB/s  cur MB/s last lat(s)  avg lat(s)
   20      16       925       909   181.768       168      0.5603    0.344272
   21      16       967       951   181.111       168    0.280284    0.345735
   22      16      1020      1004   182.514       212    0.202906    0.343503
   23      16      1062      1046   181.882       168    0.917884    0.344703
   24      16      1118      1102   183.636       224     0.97794    0.341199
   25      16      1164      1148    183.65       184   0.0364975    0.341685
   26      16      1210      1194   183.663       184    0.650396    0.342885
   27      15      1256      1241   183.819       188     0.48699     0.34342
   28      16      1303      1287   183.825       184   0.0695039    0.342743
   29      16      1352      1336   184.244       196   0.0299778    0.342882
   30      16      1396      1380   183.968       176   0.0198156    0.342538
   31      16      1440      1424   183.711       176   0.0245484     0.34299
   32      16      1490      1474   184.219       200   0.0303398    0.342964
   33      16      1539      1523   184.575       196    0.460029    0.342914
   34      16      1586      1570   184.675       188    0.695602    0.341619
Total time run:       34.376018
Total reads made:     1586
Read size:            4194304
Object size:          4194304
Bandwidth (MB/sec):   184.547
Average IOPS:         46
Stddev IOPS:          4
Max IOPS:             56
Min IOPS:             37
Average Latency(s):   0.345326
Max latency(s):       1.85709
Min latency(s):       0.0192976
 
Rand READ
hints = 1
  sec Cur ops   started  finished  avg MB/s  cur MB/s last lat(s)  avg lat(s)
    0       0         0         0         0         0           -           0
    1      16        71        55   219.961       220    0.193951     0.17596
    2      16       120       104   207.965       196   0.0356269    0.231073
    3      16       178       162   215.969       232  0.00269061    0.239226
    4      16       222       206   205.973       176    0.375957    0.269175
    5      16       268       252   201.572       184   0.0726584    0.280205
    6      16       308       292   194.641       160     1.41502    0.293661
    7      16       353       337   192.547       180  0.00273741    0.302023
    8      16       398       382   190.976       180   0.0330816     0.30841
    9      16       443       427   189.755       180    0.230197    0.313308
   10      16       485       469   187.578       168    0.215208    0.323927
   11      16       538       522   189.796       212   0.0449102    0.323725
   12      16       579       563   187.645       164  0.00224497    0.326731
   13      16       618       602   185.209       156     1.15325    0.333994
   14      16       673       657   187.693       220    0.215715    0.329083
   15      16       718       702   187.179       180   0.0511975    0.332058
   16      16       764       748   186.979       184    0.664602    0.335367
   17      16       811       795   187.038       188  0.00268639    0.333417
   18      16       858       842    187.09       188    0.921264      0.3316
   19      16       904       888   186.927       184    0.939568    0.334761
2018-06-24 12:29:00.020642 min lat: 0.00216894 max lat: 2.31075 avg lat: 0.330363
  sec Cur ops   started  finished  avg MB/s  cur MB/s last lat(s)  avg lat(s)
   20      16       956       940   187.979       208    0.430472    0.330363
   21      16      1008       992   188.931       208    0.283858    0.331092
   22      16      1052      1036   188.343       176    0.573935    0.334496
   23      16      1101      1085   188.675       196    0.236972    0.332096
   24      16      1146      1130   188.313       180   0.0362175    0.332702
   25      16      1192      1176    188.14       184    0.714046    0.333561
   26      16      1236      1220   187.672       176   0.0366697    0.334537
   27      16      1292      1276   189.016       224  0.00217927     0.33097
   28      16      1334      1318   188.265       168  0.00270264    0.333467
   29      16      1377      1361   187.704       172    0.144498    0.335907
   30      16      1414      1398    186.38       148     1.09982    0.336793
   31      16      1465      1449   186.948       204      0.5493     0.33658
   32      16      1508      1492    186.48       172   0.0023675    0.338889
   33      16      1552      1536   186.162       176    0.284438    0.338531
   34      16      1593      1577    185.51       164   0.0538131    0.338776
   35      16      1640      1624    185.58       188    0.367822    0.339669
   36      16      1681      1665    184.98       164   0.0204193    0.340787
   37      16      1729      1713    185.17       192    0.199582    0.340733
   38      16      1770      1754   184.612       164  0.00310856     0.34161
   39      16      1816      1800   184.596       184  0.00222336     0.34125
2018-06-24 12:29:20.022659 min lat: 0.00216894 max lat: 2.31075 avg lat: 0.341343
  sec Cur ops   started  finished  avg MB/s  cur MB/s last lat(s)  avg lat(s)
   40      16      1857      1841   184.081       164    0.145568    0.341343
   41      16      1894      1878     183.2       148   0.0372434    0.344115
   42      16      1936      1920   182.838       168      1.3897    0.344938
   43      16      1981      1965   182.771       180    0.769706    0.346593
   44      16      2028      2012    182.89       188  0.00225197    0.345224
   45      16      2071      2055   182.647       172    0.266974    0.346061
   46      16      2119      2103    182.85       192     1.21112    0.345633
   47      16      2160      2144   182.449       164    0.212186    0.346956
   48      16      2215      2199   183.231       220  0.00245915    0.345557
   49      16      2262      2246   183.328       188   0.0377224    0.345254
   50      16      2303      2287   182.941       164    0.565738    0.347171
Total time run:       50.567125
Total reads made:     2304
Read size:            4194304
Object size:          4194304
Bandwidth (MB/sec):   182.253
Average IOPS:         45
Stddev IOPS:          4
Max IOPS:             58
Min IOPS:             37
Average Latency(s):   0.349782
Max latency(s):       2.31075
Min latency(s):       0.00216894
