WRITE
hints = 1
Maintaining 16 concurrent writes of 4194304 bytes to objects of size 4194304 for up to 50 seconds or 0 objects
Object prefix: benchmark_data_tasds1_5357
  sec Cur ops   started  finished  avg MB/s  cur MB/s last lat(s)  avg lat(s)
    0       0         0         0         0         0           -           0
    1      16        37        21   83.9958        84    0.344453     0.46561
    2      16        64        48   95.9904       108    0.179027    0.508118
    3      16        96        80   106.656       128    0.199695    0.546758
    4      16       125       109   108.989       116    0.479145    0.537964
    5      16       164       148   118.388       156    0.308502    0.514007
    6      16       198       182   121.321       136    0.600098    0.506342
    7      16       234       218   124.559       144    0.620234    0.496725
    8      16       265       249   124.487       124    0.469254    0.494062
    9      16       296       280   124.432       124    0.353919    0.493475
   10      16       325       309   123.588       116     1.31955    0.503185
   11      16       350       334   121.442       100    0.241964    0.510403
   12      16       384       368   122.653       136     0.40873    0.511221
   13      16       421       405   124.602       148    0.347036     0.50895
   14      16       452       436   124.558       124    0.324437     0.50489
   15      16       481       465   123.987       116    0.378782    0.505999
   16      16       512       496   123.987       124    0.294699    0.506711
   17      16       546       530   124.693       136    0.525912    0.503857
   18      16       577       561   124.654       124     1.05044    0.503244
   19      16       611       595    125.25       136    0.628245    0.503745
2018-06-24 12:29:51.811795 min lat: 0.129414 max lat: 1.44137 avg lat: 0.504244
  sec Cur ops   started  finished  avg MB/s  cur MB/s last lat(s)  avg lat(s)
   20      16       643       627   125.387       128     0.45461    0.504244
   21      16       677       661   125.891       136    0.541619    0.501757
   22      16       710       694   126.168       132    0.359973    0.501496
   23      16       728       712   123.813        72    0.701048    0.506283
   24      16       759       743    123.82       124    0.948888     0.50754
   25      16       786       770   123.187       108    0.471844    0.510069
   26      16       820       804   123.679       136     0.97636    0.513628
   27      16       850       834   123.542       120    0.338336    0.512674
   28      16       885       869    124.13       140    0.606962    0.511521
   29      16       917       901   124.262       128    0.477399    0.510653
   30      16       952       936   124.787       140    0.465994    0.509177
   31      16       973       957    123.47        84    0.496839    0.509875
   32      16      1004       988   123.486       124    0.298874    0.511593
   33      16      1038      1022   123.865       136    0.546906    0.510846
   34      16      1073      1057   124.339       140    0.619823    0.509004
   35      16      1104      1088   124.329       124    0.268098    0.510184
   36      16      1135      1119    124.32       124    0.435476      0.5113
   37      16      1167      1151   124.419       128    0.254972    0.509538
   38      16      1198      1182   124.407       124    0.256405    0.509378
   39      16      1224      1208   123.884       104    0.315594    0.512621
2018-06-24 12:30:11.814052 min lat: 0.117476 max lat: 1.69366 avg lat: 0.512136
  sec Cur ops   started  finished  avg MB/s  cur MB/s last lat(s)  avg lat(s)
   40      16      1256      1240   123.987       128    0.298679    0.512136
   41      16      1290      1274   124.279       136    0.245969    0.511274
   42      16      1323      1307   124.463       132      0.2878    0.510882
   43      16      1352      1336   124.266       116    0.786673    0.511678
   44      16      1389      1373   124.805       148    0.507158    0.509786
   45      16      1421      1405   124.875       128    0.457408    0.508603
   46      16      1456      1440   125.204       140    0.241817    0.509372
   47      16      1490      1474   125.433       136    0.879844     0.50822
   48      16      1523      1507    125.57       132    0.506777    0.505969
   49      16      1545      1529   124.803        88    0.236861     0.50896
   50      16      1578      1562   124.947       132    0.534131    0.508621
Total time run:         50.487189
Total writes made:      1578
Write size:             4194304
Object size:            4194304
Bandwidth (MB/sec):     125.022
Stddev Bandwidth:       17.0006
Max bandwidth (MB/sec): 156
Min bandwidth (MB/sec): 72
Average IOPS:           31
Stddev IOPS:            4
Max IOPS:               39
Min IOPS:               18
Average Latency(s):     0.511765
Stddev Latency(s):      0.241865
Max latency(s):         1.69366
Min latency(s):         0.117476
 
Seq READ
hints = 1
  sec Cur ops   started  finished  avg MB/s  cur MB/s last lat(s)  avg lat(s)
    0       0         0         0         0         0           -           0
    1      16        54        38   151.977       152   0.0319794    0.280172
    2      15        93        78   155.925       160    0.222306    0.324653
    3      16       138       122   162.609       176    0.931949    0.358562
    4      16       181       165   164.952       172   0.0370578    0.355813
    5      16       228       212   169.557       188    0.195824     0.34529
    6      16       265       249   165.962       148    0.147086    0.357731
    7      16       309       293   167.394       176   0.0299654    0.360204
    8      16       350       334   166.968       164     0.18854    0.358193
    9      16       394       378   167.969       176      0.1154    0.355248
   10      16       433       417   166.771       156    0.420694    0.361922
   11      16       478       462   167.971       180     1.67882    0.367502
   12      16       522       506   168.638       176    0.750398    0.370541
   13      16       559       543    167.05       148    0.056334    0.371282
   14      16       612       596   170.259       212   0.0212191      0.3635
   15      16       653       637    169.84       164     1.28551    0.365057
   16      16       697       681   170.224       176     0.20807    0.362399
   17      16       742       726   170.798       180   0.0467631    0.364866
   18      16       795       779   173.086       212    0.858168    0.362738
   19      16       830       814   171.344       140    0.818652    0.364566
2018-06-24 12:30:42.881514 min lat: 0.0191478 max lat: 1.73828 avg lat: 0.363977
  sec Cur ops   started  finished  avg MB/s  cur MB/s last lat(s)  avg lat(s)
   20      16       879       863   172.576       196    0.420462    0.363977
   21      16       929       913    173.88       200    0.105735    0.360309
   22      16       981       965    175.43       208    0.277004    0.356783
   23      16      1024      1008    175.28       172   0.0467978     0.35685
   24      16      1060      1044   173.976       144    0.270699    0.359606
   25      16      1106      1090   174.376       184   0.0399077    0.360511
   26      16      1150      1134   174.438       176    0.130748    0.359701
   27      16      1205      1189   176.125       220   0.0202299    0.357465
   28      16      1246      1230   175.691       164     1.12898    0.359575
   29      16      1294      1278   176.253       192    0.328217    0.356552
   30      16      1346      1330    177.31       208      1.2638    0.355946
   31      16      1387      1371   176.881       164    0.112265    0.355756
   32      16      1429      1413   176.603       168    0.399852    0.357555
   33      16      1472      1456   176.463       172    0.599461     0.35806
   34      16      1513      1497   176.096       164    0.429278    0.359434
   35      15      1556      1541   176.092       176   0.0819908    0.359709
Total time run:       35.977344
Total reads made:     1578
Read size:            4194304
Object size:          4194304
Bandwidth (MB/sec):   175.444
Average IOPS:         43
Stddev IOPS:          5
Max IOPS:             55
Min IOPS:             35
Average Latency(s):   0.363298
Max latency(s):       1.92904
Min latency(s):       0.0191212
 
Rand READ
hints = 1
  sec Cur ops   started  finished  avg MB/s  cur MB/s last lat(s)  avg lat(s)
    0       0         0         0         0         0           -           0
    1      16        63        47    187.97       188    0.325641    0.196194
    2      16       106        90    179.97       172    0.514709    0.256893
    3      16       153       137    182.64       188    0.838519    0.316133
    4      16       199       183   182.976       184     0.96103    0.318175
    5      16       243       227   181.577       176    0.197483     0.31785
    6      16       282       266   177.312       156  0.00274818    0.326638
    7      16       324       308   175.979       168    0.145236    0.329901
    8      16       363       347    173.48       156   0.0333508      0.3473
    9      16       411       395   175.536       192  0.00284081    0.344063
   10      16       466       450    179.98       220     1.46841    0.338814
   11      16       522       506    183.98       224  0.00285789    0.334075
   12      16       565       549    182.98       172    0.131193    0.331492
   13      15       614       599   184.288       200  0.00387213    0.336506
   14      16       656       640   182.837       164     1.15221    0.338124
   15      16       704       688   183.447       192  0.00264226    0.340761
   16      15       742       727   181.731       156   0.0374195    0.342723
   17      15       792       777   182.804       200   0.0355825    0.341992
   18      16       842       826   183.536       196   0.0463583      0.3394
   19      16       890       874    183.98       192    0.144926    0.337522
2018-06-24 12:31:18.926400 min lat: 0.00215095 max lat: 1.89712 avg lat: 0.338282
  sec Cur ops   started  finished  avg MB/s  cur MB/s last lat(s)  avg lat(s)
   20      16       933       917    183.38       172     1.63824    0.338282
   21      16       980       964   183.599       188     1.30962    0.338935
   22      16      1020      1004   182.526       160     0.14459    0.341282
   23      15      1061      1046   181.894       168    0.167314    0.341688
   24      16      1102      1086   180.981       160     1.78186     0.34509
   25      16      1146      1130   180.781       176    0.486074     0.34714
   26      16      1190      1174   180.596       176   0.0376384    0.345182
   27      16      1236      1220   180.721       184   0.0332879    0.346794
   28      16      1280      1264   180.552       176    0.666657    0.348395
   29      16      1327      1311   180.808       188   0.0201907    0.348657
   30      16      1369      1353   180.381       168  0.00316297    0.348873
   31      16      1416      1400   180.626       188   0.0353071    0.348974
   32      15      1461      1446   180.731       184   0.0355398    0.348267
   33      16      1510      1494   181.072       192    0.132354    0.348805
   34      16      1552      1536   180.687       168     0.14463    0.347215
   35      16      1593      1577   180.209       164    0.215752     0.34878
   36      16      1644      1628    180.87       204   0.0332104    0.349743
   37      16      1683      1667   180.197       156     1.14965    0.350591
   38      16      1723      1707   179.665       160    0.104578    0.350672
   39      16      1766      1750   179.468       172    0.107434    0.350408
2018-06-24 12:31:38.928540 min lat: 0.00215095 max lat: 2.0533 avg lat: 0.349752
  sec Cur ops   started  finished  avg MB/s  cur MB/s last lat(s)  avg lat(s)
   40      16      1818      1802   180.181       208     1.29259    0.349752
   41      16      1862      1846   180.078       176    0.496823    0.350579
   42      16      1911      1895   180.457       196    0.804196    0.350938
   43      16      1958      1942   180.632       188  0.00275866    0.350349
   44      16      1996      1980   179.981       152    0.436433    0.351993
   45      16      2026      2010   178.648       120   0.0320203    0.354003
   46      16      2081      2065   179.546       220   0.0452342    0.352355
   47      16      2122      2106   179.215       164    0.888674    0.352158
   48      16      2168      2152   179.314       184    0.187822    0.352621
   49      16      2211      2195   179.165       172    0.133208    0.353057
   50      16      2251      2235   178.781       160    0.355559    0.354265
Total time run:       50.536782
Total reads made:     2252
Read size:            4194304
Object size:          4194304
Bandwidth (MB/sec):   178.246
Average IOPS:         44
Stddev IOPS:          4
Max IOPS:             56
Min IOPS:             30
Average Latency(s):   0.357992
Max latency(s):       2.0533
Min latency(s):       0.0021102
